3     3                                            
3  3  3 3    3   33   33333    33333 3    3 333333 
3  3  3 3    3  3  3    3        3   3    3 3      
3  3  3 333333 3    3   3        3   333333 33333  
3  3  3 3    3 333333   3        3   3    3 3      
3  3  3 3    3 3    3   3        3   3    3 3      
 33 33  3    3 3    3   3        3   3    3 333333 
                                                   
                                                                      
333333 3    3  3333  3    3    33333  3 33333     3   3  3333  3    3 
3      3    3 3    3 3   3     3    3 3 3    3     3 3  3    3 3    3 
33333  3    3 3      3333      3    3 3 3    3      3   3    3 3    3 
3      3    3 3      3  3      3    3 3 3    3      3   3    3 3    3 
3      3    3 3    3 3   3     3    3 3 3    3      3   3    3 3    3 
3       3333   3333  3    3    33333  3 33333       3    3333   3333  
                                                                      
                                                                          
     3 3    3  3333  33333    333333 3    3  3333  3    3 3 3    3  3333  
     3 3    3 3        3      3      3    3 3    3 3   3  3 33   3 3    3 
     3 3    3  3333    3      33333  3    3 3      3333   3 3 3  3 3      
     3 3    3      3   3      3      3    3 3      3  3   3 3  3 3 3  333 
3    3 3    3 3    3   3      3      3    3 3    3 3   3  3 3   33 3    3 
 3333   3333   3333    3      3       3333   3333  3    3 3 3    3  3333  
                                                                          
                                                                              
 3333    33   3   3      33   33333   3333  3    3 33333    3    3 333333     
3       3  3   3 3      3  3  3    3 3    3 3    3   3      33  33 3          
 3333  3    3   3      3    3 33333  3    3 3    3   3      3 33 3 33333      
     3 333333   3      333333 3    3 3    3 3    3   3      3    3 3      333 
3    3 3    3   3      3    3 3    3 3    3 3    3   3      3    3 3      333 
 3333  3    3   3      3    3 33333   3333   3333    3      3    3 333333  3  
                                                                          3   
                                                          
3   3  3333  3    3    3      3 33333 33333 3      333333 
 3 3  3    3 3    3    3      3   3     3   3      3      
  3   3    3 3    3    3      3   3     3   3      33333  
  3   3    3 3    3    3      3   3     3   3      3      
  3   3    3 3    3    3      3   3     3   3      3      
  3    3333   3333     333333 3   3     3   333333 333333 
                                                          
                              33333     333               
33333  3 33333  3333  3    3 3     3     3  3      3      
3    3 3   3   3    3 3    3       3     3  3      3      
33333  3   3   3      333333    333      3  3      3      
3    3 3   3   3      3    3    3        3  3      3      
3    3 3   3   3    3 3    3             3  3      3      
33333  3   3    3333  3    3    3       333 333333 333333 
                                                          
                                                   
3    3   33   3    3 333333    3   3  3333  3    3 
3    3  3  3  3    3 3          3 3  3    3 3    3 
333333 3    3 3    3 33333       3   3    3 3    3 
3    3 333333 3    3 3           3   3    3 3    3 
3    3 3    3  3  3  3           3   3    3 3    3 
3    3 3    3   33   333333      3    3333   3333  
                                                   
                               333 
3    3 3    3  3333  3    3     3  
3   3  33   3 3    3 3    3     3  
3333   3 3  3 3    3 3    3     3  
3  3   3  3 3 3    3 3 33 3     3  
3   3  3   33 3    3 33  33     3  
3    3 3    3  3333  3    3    333 
                                   
                                                              
 3333  33333    33   33333  3    3   33   33333 333333 33333  
3    3 3    3  3  3  3    3 3    3  3  3    3   3      3    3 
3      3    3 3    3 3    3 3    3 3    3   3   33333  3    3 
3  333 33333  333333 3    3 3    3 333333   3   3      3    3 
3    3 3   3  3    3 3    3 3    3 3    3   3   3      3    3 
 3333  3    3 3    3 33333   3333  3    3   3   333333 33333  
                                                              
                                                     
33333  3333  33333      3333  333333    3    3 3   3 
  3   3    3 3    3    3    3 3         33  33  3 3  
  3   3    3 3    3    3    3 33333     3 33 3   3   
  3   3    3 33333     3    3 3         3    3   3   
  3   3    3 3         3    3 3         3    3   3   
  3    3333  3          3333  3         3    3   3   
                                                     
                                                                      
 3333  3        33    3333   3333     3 3    3    33333 3    3 333333 
3    3 3       3  3  3      3         3 33   3      3   3    3 3      
3      3      3    3  3333   3333     3 3 3  3      3   333333 33333  
3      3      333333      3      3    3 3  3 3      3   3    3 3      
3    3 3      3    3 3    3 3    3    3 3   33      3   3    3 3      
 3333  333333 3    3  3333   3333     3 3    3      3   3    3 333333 
                                                                      
3     3                         33333                                  
33    3   33   3    3 3   3    3     3 333333   33   3       3333      
3 3   3  3  3  3    3  3 3     3       3       3  3  3      3          
3  3  3 3    3 3    3   3       33333  33333  3    3 3       3333      
3   3 3 333333 3    3   3            3 3      333333 3           3 333 
3    33 3    3  3  3    3      3     3 3      3    3 3      3    3 333 
3     3 3    3   33     3       33333  333333 3    3 333333  3333   3  
                                                                   3   
                        333                                              
  33   3    3 33333      3  3    3 333333    33333  333333 333333 3    3 
 3  3  33   3 3    3     3  3    3 3         3    3 3      3      33   3 
3    3 3 3  3 3    3     3  3    3 33333     33333  33333  33333  3 3  3 
333333 3  3 3 3    3     3  3    3 3         3    3 3      3      3  3 3 
3    3 3   33 3    3     3   3  3  3         3    3 3      3      3   33 
3    3 3    3 33333     333   33   333333    33333  333333 333333 3    3 
                                                                         
                                                               
3 3    3 3    3  3333  3      3    3 333333 33333     3 3    3 
3 33   3 3    3 3    3 3      3    3 3      3    3    3 33   3 
3 3 3  3 3    3 3    3 3      3    3 33333  3    3    3 3 3  3 
3 3  3 3 3    3 3    3 3      3    3 3      3    3    3 3  3 3 
3 3   33  3  3  3    3 3       3  3  3      3    3    3 3   33 
3 3    3   33    3333  333333   33   333333 33333     3 3    3 
                                                               
                                                        
3    3 3    3 3    3 333333 33333   3333  3    3  3333  
33   3 3    3 33  33 3      3    3 3    3 3    3 3      
3 3  3 3    3 3 33 3 33333  3    3 3    3 3    3  3333  
3  3 3 3    3 3    3 3      33333  3    3 3    3      3 
3   33 3    3 3    3 3      3   3  3    3 3    3 3    3 
3    3  3333  3    3 333333 3    3  3333   3333   3333  
                                                        
                                                                          
 3333  333333  3333  33333  333333 33333    33333    33   3 33333   3333  
3      3      3    3 3    3 3        3      3    3  3  3  3 3    3 3      
 3333  33333  3      3    3 33333    3      3    3 3    3 3 3    3  3333  
     3 3      3      33333  3        3      33333  333333 3 3    3      3 
3    3 3      3    3 3   3  3        3      3   3  3    3 3 3    3 3    3 
 3333  333333  3333  3    3 333333   3      3    3 3    3 3 33333   3333  
                                                                          
              
 3333  3    3 
3    3 33   3 
3    3 3 3  3 
3    3 3  3 3 
3    3 3   33 
 3333  3    3 
              
   3                  33333                                         
  3 3   3            3     3 3    3   33   333333 33333    33       
 3   3  3            3     3 3    3  3  3  3      3    3  3  3      
3     3 3      33333 3     3 3    3 3    3 33333  3    3 3    3     
3333333 3            3   3 3 3    3 333333 3      3    3 333333 333 
3     3 3            3    3  3    3 3    3 3      3    3 3    3 333 
3     3 333333        3333 3  3333  3    3 333333 33333  3    3  3  
                                                                3   
                        333                                
  33   3    3 33333      3     3    3   33   3    3 333333 
 3  3  33   3 3    3     3     3    3  3  3  3    3 3      
3    3 3 3  3 3    3     3     333333 3    3 3    3 33333  
333333 3  3 3 3    3     3     3    3 333333 3    3 3      
3    3 3   33 3    3     3     3    3 3    3  3  3  3      
3    3 3    3 33333     333    3    3 3    3   33   333333 
                                                           
                                33333    333     333   
 3333  3    3 333333 33333     3     3  3   3   3   3  
3    3 3    3 3      3    3          3 3     3 3     3 
3    3 3    3 33333  3    3     33333  3     3 3     3 
3    3 3    3 3      33333           3 3     3 3     3 
3    3  3  3  3      3   3     3     3  3   3   3   3  
 3333    33   333333 3    3     33333    333     333   
                                                       
                                                          
 3333   3333  3    3 333333 3 33333  3    3 333333 33333  
3    3 3    3 33   3 3      3 3    3 33  33 3      3    3 
3      3    3 3 3  3 33333  3 3    3 3 33 3 33333  3    3 
3      3    3 3  3 3 3      3 33333  3    3 3      3    3 
3    3 3    3 3   33 3      3 3   3  3    3 3      3    3 
 3333   3333  3    3 3      3 3    3 3    3 333333 33333  
                                                          
                                     333                  
3    3 3 3      3       3333          3       33   3    3 
3   3  3 3      3      3              3      3  3  33  33 
3333   3 3      3       3333          3     3    3 3 33 3 
3  3   3 3      3           3 333     3     333333 3    3 
3   3  3 3      3      3    3 333     3     3    3 3    3 
3    3 3 333333 333333  3333  333    333    3    3 3    3 
                                                          
                                                       
33333 33333    33   3 3    3 333333 33333     3 3    3 
  3   3    3  3  3  3 33   3 3      3    3    3 33   3 
  3   3    3 3    3 3 3 3  3 33333  3    3    3 3 3  3 
  3   33333  333333 3 3  3 3 3      3    3    3 3  3 3 
  3   3   3  3    3 3 3   33 3      3    3    3 3   33 
  3   3    3 3    3 3 3    3 333333 33333     3 3    3 
                                                       
                                            
 3333   3333  33333  3 3      3        33   
3    3 3    3 3    3 3 3      3       3  3  
3      3    3 3    3 3 3      3      3    3 
3  333 3    3 33333  3 3      3      333333 
3    3 3    3 3   3  3 3      3      3    3 
 3333   3333  3    3 3 333333 333333 3    3 
                                            
                                                                         
3    3   33   33333  333333   33   33333  333333      33   3    3 33333  
3    3  3  3  3    3 3       3  3  3    3 3          3  3  33   3 3    3 
3    3 3    3 3    3 33333  3    3 3    3 33333     3    3 3 3  3 3    3 
3 33 3 333333 33333  3      333333 33333  3         333333 3  3 3 3    3 
33  33 3    3 3   3  3      3    3 3   3  3         3    3 3   33 3    3 
3    3 3    3 3    3 3      3    3 3    3 333333    3    3 3    3 33333  
                                                                         
333                                                      
 3  3    3    33333 3    3 333333    33333  3333  33333  
 3  33  33      3   3    3 3           3   3    3 3    3 
 3  3 33 3      3   333333 33333       3   3    3 3    3 
 3  3    3      3   3    3 3           3   3    3 33333  
 3  3    3      3   3    3 3           3   3    3 3      
333 3    3      3   3    3 333333      3    3333  3      
                                                         
                                                                        
 3333  3    3 3 33333  333333 33333     3 3    3    33333 3    3 333333 
3      33   3 3 3    3 3      3    3    3 33   3      3   3    3 3      
 3333  3 3  3 3 3    3 33333  3    3    3 3 3  3      3   333333 33333  
     3 3  3 3 3 33333  3      33333     3 3  3 3      3   3    3 3      
3    3 3   33 3 3      3      3   3     3 3   33      3   3    3 3      
 3333  3    3 3 3      333333 3    3    3 3    3      3   3    3 333333 
                                                                        
                                       3     3  33333  
333333 3    3 33333 3 33333  333333    3     3 3     3 
3      33   3   3   3 3    3 3         3     3 3       
33333  3 3  3   3   3 3    3 33333     3     3  33333  
3      3  3 3   3   3 33333  3         3     3       3 
3      3   33   3   3 3   3  3         3     3 3     3 
333333 3    3   3   3 3    3 333333     33333   33333  
                                                       
                                   
  33   33333  3    3 333333 33333  
 3  3  3    3 33  33 3      3    3 
3    3 3    3 3 33 3 33333  3    3 
333333 33333  3    3 3      3    3 
3    3 3   3  3    3 3      3    3 
3    3 3    3 3    3 333333 33333  
                                   
                                                 3     3               
333333  3333  33333   3333  333333  3333          3   3   3333  3    3 
3      3    3 3    3 3    3 3      3               3 3   3    3 3    3 
33333  3    3 3    3 3      33333   3333            3    3    3 3    3 
3      3    3 33333  3      3           3 333       3    3    3 3    3 
3      3    3 3   3  3    3 3      3    3 333       3    3    3 3    3 
3       3333  3    3  3333  333333  3333  333       3     3333   3333  
                                                                       
                                                                   
  33   33333  333333    3    3  3333  33333 3    3 3 3    3  3333  
 3  3  3    3 3         33   3 3    3   3   3    3 3 33   3 3    3 
3    3 3    3 33333     3 3  3 3    3   3   333333 3 3 3  3 3      
333333 33333  3         3  3 3 3    3   3   3    3 3 3  3 3 3  333 
3    3 3   3  3         3   33 3    3   3   3    3 3 3   33 3    3 
3    3 3    3 333333    3    3  3333    3   3    3 3 3    3  3333  
                                                                   
                                                     
33333  3333     3    3 333333    33333  3    3 33333 
  3   3    3    33  33 3         3    3 3    3   3   
  3   3    3    3 33 3 33333     33333  3    3   3   
  3   3    3    3    3 3         3    3 3    3   3   
  3   3    3    3    3 3         3    3 3    3   3   
  3    3333     3    3 333333    33333   3333    3   
                                                     
                                                                              
     3 3    3  3333  33333      33   3    3  3333  33333 3    3 333333 33333  
     3 3    3 3        3       3  3  33   3 3    3   3   3    3 3      3    3 
     3 3    3  3333    3      3    3 3 3  3 3    3   3   333333 33333  3    3 
     3 3    3      3   3      333333 3  3 3 3    3   3   3    3 3      33333  
3    3 3    3 3    3   3      3    3 3   33 3    3   3   3    3 3      3   3  
 3333   3333   3333    3      3    3 3    3  3333    3   3    3 333333 3    3 
                                                                              
                                               333                           
33333   33   33333   3333  333333 33333         3     3    3 3 3      3      
  3    3  3  3    3 3    3 3        3           3     3    3 3 3      3      
  3   3    3 3    3 3      33333    3           3     3    3 3 3      3      
  3   333333 33333  3  333 3        3   333     3     3 33 3 3 3      3      
  3   3    3 3   3  3    3 3        3   333     3     33  33 3 3      3      
  3   3    3 3    3  3333  333333   3   333    333    3    3 3 333333 333333 
                                                                             
                                                                     
3    3 3 33333  333333    3   3  3333  3    3    33333 3    3 333333 
3    3 3 3    3 3          3 3  3    3 3    3      3   3    3 3      
3    3 3 3    3 33333       3   3    3 3    3      3   333333 33333  
3 33 3 3 33333  3           3   3    3 3    3      3   3    3 3      
33  33 3 3      3           3   3    3 3    3      3   3    3 3      
3    3 3 3      333333      3    3333   3333       3   3    3 333333 
                                                                     
                                                                            
333333 3    3  3333  3    3     3333  3    3 33333    3    3 3 33333 3    3 
3      3    3 3    3 3   3     3    3 3    3   3      3    3 3   3   3    3 
33333  3    3 3      3333      3    3 3    3   3      3    3 3   3   333333 
3      3    3 3      3  3      3    3 3    3   3      3 33 3 3   3   3    3 
3      3    3 3    3 3   3     3    3 3    3   3      33  33 3   3   3    3 
3       3333   3333  3    3     3333   3333    3      3    3 3   3   3    3 
                                                                            
                                                                            
33333  33333  333333  3333  3  3333  3  3333  3    3    33333 3    3 333333 
3    3 3    3 3      3    3 3 3      3 3    3 33   3      3   3    3 3      
3    3 3    3 33333  3      3  3333  3 3    3 3 3  3      3   333333 33333  
33333  33333  3      3      3      3 3 3    3 3  3 3      3   3    3 3      
3      3   3  3      3    3 3 3    3 3 3    3 3   33      3   3    3 3      
3      3    3 333333  3333  3  3333  3  3333  3    3      3   3    3 333333 
                                                                            
                                               
3      3 3    3 333333  3333      3333  333333 
3      3 3   3  3      3         3    3 3      
3      3 3333   33333   3333     3    3 33333  
3      3 3  3   3           3    3    3 3      
3      3 3   3  3      3    3    3    3 3      
333333 3 3    3 333333  3333      3333  3      
                                               
                                                      
3    3 3    3 3  3333  3    3    3    3   33    3333  
3    3 3    3 3 3    3 3    3    3    3  3  3  3      
3    3 333333 3 3      333333    333333 3    3  3333  
3 33 3 3    3 3 3      3    3    3    3 333333      3 
33  33 3    3 3 3    3 3    3    3    3 3    3 3    3 
3    3 3    3 3  3333  3    3    3    3 3    3  3333  
                                                      
                                                                  
3    3 333333 3    3 333333 33333     33333  333333 333333 3    3 
33   3 3      3    3 3      3    3    3    3 3      3      33   3 
3 3  3 33333  3    3 33333  3    3    33333  33333  33333  3 3  3 
3  3 3 3      3    3 3      33333     3    3 3      3      3  3 3 
3   33 3       3  3  3      3   3     3    3 3      3      3   33 
3    3 333333   33   333333 3    3    33333  333333 333333 3    3 
                                                                  
                                                                         
 3333  333333 333333 3    3    33333  333333 333333  3333  33333  333333 
3      3      3      33   3    3    3 3      3      3    3 3    3 3      
 3333  33333  33333  3 3  3    33333  33333  33333  3    3 3    3 33333  
     3 3      3      3  3 3    3    3 3      3      3    3 33333  3      
3    3 3      3      3   33    3    3 3      3      3    3 3   3  3      
 3333  333333 333333 3    3    33333  333333 3       3333  3    3 333333 
                                                                         
                                       
 3333  3    3    33333 3    3 3  3333  
3    3 33   3      3   3    3 3 3      
3    3 3 3  3      3   333333 3  3333  
3    3 3  3 3      3   3    3 3      3 
3    3 3   33      3   3    3 3 3    3 
 3333  3    3      3   3    3 3  3333  
                                       
3333333                                                               
3         33   33333  33333 3    3        3    3   33   33333  3    3 
3        3  3  3    3   3   3    3        33  33  3  3  3    3 3   3  
33333   3    3 3    3   3   333333        3 33 3 3    3 3    3 3333   
3       333333 33333    3   3    3 333    3    3 333333 33333  3  3   
3       3    3 3   3    3   3    3 333    3    3 3    3 3   3  3   3  
3333333 3    3 3    3   3   3    3  3     3    3 3    3 3    3 3    3 
                                   3                                  
                                                            
3    3 3   3    333333 3    3  3333  3    3 3 3    3  3333  
33  33  3 3     3      3    3 3    3 3   3  3 33   3 3    3 
3 33 3   3      33333  3    3 3      3333   3 3 3  3 3      
3    3   3      3      3    3 3      3  3   3 3  3 3 3  333 
3    3   3      3      3    3 3    3 3   3  3 3   33 3    3 
3    3   3      3       3333   3333  3    3 3 3    3  3333  
                                                            
                                          3     3               
3    3  3333  33333  33333   3333          3   3   3333  3    3 
3    3 3    3 3    3 3    3 3               3 3   3    3 3    3 
3    3 3    3 3    3 3    3  3333            3    3    3 3    3 
3 33 3 3    3 33333  3    3      3 333       3    3    3 3    3 
33  33 3    3 3   3  3    3 3    3 333       3    3    3 3    3 
3    3  3333  3    3 33333   3333  333       3     3333   3333  
                                                                
                                                                            
33333 3    3 3 3    3 3    3    3   3  3333  3    3     3333    33   3    3 
  3   3    3 3 33   3 3   3      3 3  3    3 3    3    3    3  3  3  33   3 
  3   333333 3 3 3  3 3333        3   3    3 3    3    3      3    3 3 3  3 
  3   3    3 3 3  3 3 3  3        3   3    3 3    3    3      333333 3  3 3 
  3   3    3 3 3   33 3   3       3   3    3 3    3    3    3 3    3 3   33 
  3   3    3 3 3    3 3    3      3    3333   3333      3333  3    3 3    3 
                                                                            
                                                                           
 3333  333333 33333      33   3    3   33   3   3    3    3 3 33333 3    3 
3    3 3        3       3  3  3    3  3  3   3 3     3    3 3   3   3    3 
3      33333    3      3    3 3    3 3    3   3      3    3 3   3   333333 
3  333 3        3      333333 3 33 3 333333   3      3 33 3 3   3   3    3 
3    3 3        3      3    3 33  33 3    3   3      33  33 3   3   3    3 
 3333  333333   3      3    3 3    3 3    3   3      3    3 3   3   3    3 
                                                                           
                                                                 
 3333    33   3   3 3 3    3  3333     33333 3    3   33   33333 
3       3  3   3 3  3 33   3 3    3      3   3    3  3  3    3   
 3333  3    3   3   3 3 3  3 3           3   333333 3    3   3   
     3 333333   3   3 3  3 3 3  333      3   3    3 333333   3   
3    3 3    3   3   3 3   33 3    3      3   3    3 3    3   3   
 3333  3    3   3   3 3    3  3333       3   3    3 3    3   3   
                                                                 
                                                       
 3333  3    3 3 33333    33333  3333     3    3 333333 
3      3    3 3   3        3   3    3    33  33 3      
 3333  333333 3   3        3   3    3    3 33 3 33333  
     3 3    3 3   3        3   3    3    3    3 3      
3    3 3    3 3   3        3   3    3    3    3 3      
 3333  3    3 3   3        3    3333     3    3 333333 
                                                       
                                                   
 3333  3    3 333333 33333     33333 3    3 333333 
3    3 3    3 3      3    3      3   3    3 3      
3    3 3    3 33333  3    3      3   333333 33333  
3    3 3    3 3      33333       3   3    3 3      
3    3  3  3  3      3   3       3   3    3 3      
 3333    33   333333 3    3      3   3    3 333333 
                                                   
333                                                 33333  
 3  3    3 33333 333333 33333  3    3 333333 33333 3     3 
 3  33   3   3   3      3    3 33   3 3        3         3 
 3  3 3  3   3   33333  3    3 3 3  3 33333    3      333  
 3  3  3 3   3   3      33333  3  3 3 3        3      3    
 3  3   33   3   3      3   3  3   33 3        3           
333 3    3   3   333333 3    3 3    3 333333   3      3    
                                                           
3333333                                                             
   3    3    3 3 3    3 3    3      33    3333    33   3 3    3     
   3    3    3 3 33   3 3   3      3  3  3    3  3  3  3 33   3     
   3    333333 3 3 3  3 3333      3    3 3      3    3 3 3 3  3     
   3    3    3 3 3  3 3 3  3      333333 3  333 333333 3 3  3 3 333 
   3    3    3 3 3   33 3   3     3    3 3    3 3    3 3 3   33 333 
   3    3    3 3 3    3 3    3    3    3  3333  3    3 3 3    3  3  
                                                                3   
                                                    3           
333333 3    3  3333  3    3 333333 33333           3 3    3333  
3      3    3 3    3 3   3  3      3    3         3   3  3      
33333  3    3 3      3333   33333  3    3        3     3  3333  
3      3    3 3      3  3   3      33333  333    3333333      3 
3      3    3 3    3 3   3  3      3   3  333    3     3 3    3 
3       3333   3333  3    3 333333 3    3 333    3     3  3333  
                                                                
                                                       333                  
3    3 333333     3333  33333  333333   33   3    3     3       33   3    3 
3    3 3         3      3    3 3       3  3  3   3      3      3  3  33  33 
3    3 33333      3333  3    3 33333  3    3 3333       3     3    3 3 33 3 
3 33 3 3              3 33333  3      333333 3  3       3     333333 3    3 
33  33 3         3    3 3      3      3    3 3   3      3     3    3 3    3 
3    3 333333     3333  3      333333 3    3 3    3    333    3    3 3    3 
                                                                            
                                                                               
 3333   3333  3    3 33333   33    3333  33333 3 3    3  3333     3    3 3   3 
3    3 3    3 33   3   3    3  3  3    3   3   3 33   3 3    3    33  33  3 3  
3      3    3 3 3  3   3   3    3 3        3   3 3 3  3 3         3 33 3   3   
3      3    3 3  3 3   3   333333 3        3   3 3  3 3 3  333    3    3   3   
3    3 3    3 3   33   3   3    3 3    3   3   3 3   33 3    3    3    3   3   
 3333   3333  3    3   3   3    3  3333    3   3 3    3  3333     3    3   3   
                                                                               
                                         
 3333  333333  3333  33333  333333 33333 
3      3      3    3 3    3 3        3   
 3333  33333  3      3    3 33333    3   
     3 3      3      33333  3        3   
3    3 3      3    3 3   3  3        3   
 3333  333333  3333  3    3 333333   3   
                                         
                                                                 
3    3 333333 33333 3    3  3333  33333  3    3     3333  333333 
33   3 3        3   3    3 3    3 3    3 3   3     3    3 3      
3 3  3 33333    3   3    3 3    3 3    3 3333      3    3 33333  
3  3 3 3        3   3 33 3 3    3 33333  3  3      3    3 3      
3   33 3        3   33  33 3    3 3   3  3   3     3    3 3      
3    3 333333   3   3    3  3333  3    3 3    3     3333  3      
                                                                 
                                                                           
 3333  33333  3 333333  3333       33    3333  33333   3333   3333   3333  
3      3    3 3 3      3          3  3  3    3 3    3 3    3 3      3      
 3333  3    3 3 33333   3333     3    3 3      3    3 3    3  3333   3333  
     3 33333  3 3           3    333333 3      33333  3    3      3      3 
3    3 3      3 3      3    3    3    3 3    3 3   3  3    3 3    3 3    3 
 3333  3      3 333333  3333     3    3  3333  3    3  3333   3333   3333  
                                                                           
                       3     3  33333     3                            
33333 3    3 333333    3     3 3     3   3 3        33   3    3 33333  
  3   3    3 3         3     3 3        3   3      3  3  33   3 3    3 
  3   333333 33333     3     3  33333  3     3    3    3 3 3  3 3    3 
  3   3    3 3         3     3       3 3333333    333333 3  3 3 3    3 
  3   3    3 3         3     3 3     3 3     3    3    3 3   33 3    3 
  3   3    3 333333     33333   33333  3     3    3    3 3    3 33333  
                                                                       
                              333 333333              
3   3  3333  3    3 33333      3  3     3    3  3333  
 3 3  3    3 3    3 3    3     3  3     3    3 3      
  3   3    3 3    3 3    3     3  333333     3  3333  
  3   3    3 3    3 33333      3  3          3      3 
  3   3    3 3    3 3   3      3  3          3 3    3 
  3    3333   3333  3    3    333 3          3  3333  
                                                      
                                                                          
33333  333333 3 3    3  3333     33333 33333    33    3333  333333 33333  
3    3 3      3 33   3 3    3      3   3    3  3  3  3    3 3      3    3 
33333  33333  3 3 3  3 3           3   3    3 3    3 3      33333  3    3 
3    3 3      3 3  3 3 3  333      3   33333  333333 3      3      3    3 
3    3 3      3 3   33 3    3      3   3   3  3    3 3    3 3      3    3 
33333  333333 3 3    3  3333       3   3    3 3    3  3333  333333 33333  
                                                                          
                                                                      
33333  3  3333  3    3 33333    3    3  3333  3    3     3333   3333  
3    3 3 3    3 3    3   3      33   3 3    3 3    3    3      3    3 
3    3 3 3      333333   3      3 3  3 3    3 3    3     3333  3    3 
33333  3 3  333 3    3   3      3  3 3 3    3 3 33 3         3 3    3 
3   3  3 3    3 3    3   3      3   33 3    3 33  33    3    3 3    3 
3    3 3  3333  3    3   3      3    3  3333  3    3     3333   3333  
                                                                      
                                                               
3   3  3333  3    3    33333  333333 33333 33333 333333 33333  
 3 3  3    3 3    3    3    3 3        3     3   3      3    3 
  3   3    3 3    3    33333  33333    3     3   33333  3    3 
  3   3    3 3    3    3    3 3        3     3   3      33333  
  3   3    3 3    3    3    3 3        3     3   3      3   3  
  3    3333   3333     33333  333333   3     3   333333 3    3 
                                                               
                                                                         
33333  33333  333333 33333    33   33333  333333    333333  3333  33333  
3    3 3    3 3      3    3  3  3  3    3 3         3      3    3 3    3 
3    3 3    3 33333  3    3 3    3 3    3 33333     33333  3    3 3    3 
33333  33333  3      33333  333333 33333  3         3      3    3 33333  
3      3   3  3      3      3    3 3   3  3         3      3    3 3   3  
3      3    3 333333 3      3    3 3    3 333333    3       3333  3    3 
                                                                         
                                                             
33333 3    3 333333     3333  33333  3333  33333  3    3     
  3   3    3 3         3        3   3    3 3    3 33  33     
  3   333333 33333      3333    3   3    3 3    3 3 33 3     
  3   3    3 3              3   3   3    3 33333  3    3 333 
  3   3    3 3         3    3   3   3    3 3   3  3    3 333 
  3   3    3 333333     3333    3    3333  3    3 3    3  3  
                                                         3   
                                                3333333               
3    3   33    3333   3333   3333  33333           3    3    3 333333 
33  33  3  3  3    3 3    3 3    3   3             3    3    3 3      
3 33 3 3    3 3      3      3    3   3             3    333333 33333  
3    3 333333 3  333 3  333 3    3   3   333       3    3    3 3      
3    3 3    3 3    3 3    3 3    3   3   333       3    3    3 3      
3    3 3    3  3333   3333   3333    3   333       3    3    3 333333 
                                                                      
                                                               
 3333  33333  3333  33333  3    3    33333 3    3   33   33333 
3        3   3    3 3    3 33  33      3   3    3  3  3    3   
 3333    3   3    3 3    3 3 33 3      3   333333 3    3   3   
     3   3   3    3 33333  3    3      3   3    3 333333   3   
3    3   3   3    3 3   3  3    3      3   3    3 3    3   3   
 3333    3    3333  3    3 3    3      3   3    3 3    3   3   
                                                               
                                                                            
3    3 3 33333  333333  3333      3333  3    3 33333    33333 3    3 333333 
3    3 3 3    3 3      3         3    3 3    3   3        3   3    3 3      
3    3 3 3    3 33333   3333     3    3 3    3   3        3   333333 33333  
3 33 3 3 33333  3           3    3    3 3    3   3        3   3    3 3      
33  33 3 3      3      3    3    3    3 3    3   3        3   3    3 3      
3    3 3 3      333333  3333      3333   3333    3        3   3    3 333333 
                                                                            
                                                 
33333    33   33333 3    3 333333 33333 3  3333  
3    3  3  3    3   3    3 3        3   3 3    3 
3    3 3    3   3   333333 33333    3   3 3      
33333  333333   3   3    3 3        3   3 3      
3      3    3   3   3    3 3        3   3 3    3 
3      3    3   3   3    3 333333   3   3  3333  
                                                 
                                                                   
3      3 33333 33333 3      333333    33333 3    3 3 3    3  3333  
3      3   3     3   3      3           3   3    3 3 33   3 3    3 
3      3   3     3   3      33333       3   333333 3 3 3  3 3      
3      3   3     3   3      3           3   3    3 3 3  3 3 3  333 
3      3   3     3   3      3           3   3    3 3 3   33 3    3 
333333 3   3     3   333333 333333      3   3    3 3 3    3  3333  
                                                                   
                                                   
3   3  3333  3    3     3333    33   3      3      
 3 3  3    3 3    3    3    3  3  3  3      3      
  3   3    3 3    3    3      3    3 3      3      
  3   3    3 3    3    3      333333 3      3      
  3   3    3 3    3    3    3 3    3 3      3      
  3    3333   3333      3333  3    3 333333 333333 
                                                   
                                                         
3   3  3333  3    3 33333     3      3 333333 333333     
 3 3  3    3 3    3 3    3    3      3 3      3          
  3   3    3 3    3 3    3    3      3 33333  33333      
  3   3    3 3    3 33333     3      3 3      3      333 
  3   3    3 3    3 3   3     3      3 3      3      333 
  3    3333   3333  3    3    333333 3 3      333333 333 
                                                         
3     3                             
 3   3   3333  3    3 33333  333333 
  3 3   3    3 3    3 3    3 3      
   3    3    3 3    3 3    3 33333  
   3    3    3 3    3 33333  3      
   3    3    3 3    3 3   3  3      
   3     3333   3333  3    3 333333 
                                    
                                                                               
333333 3    3  3333  3    3 3 3    3  3333     33333  333333   33   33333      
3      3    3 3    3 3   3  3 33   3 3    3    3    3 3       3  3  3    3     
33333  3    3 3      3333   3 3 3  3 3         3    3 33333  3    3 3    3     
3      3    3 3      3  3   3 3  3 3 3  333    3    3 3      333333 3    3 333 
3      3    3 3    3 3   3  3 3   33 3    3    3    3 3      3    3 3    3 333 
3       3333   3333  3    3 3 3    3  3333     33333  333333 3    3 33333   3  
                                                                           3   
                       333                                          
3    3 3 33333          3      3333    33   3    3    33333  333333 
3   3  3 3    3         3     3    3  3  3  33   3    3    3 3      
3333   3 3    3         3     3      3    3 3 3  3    33333  33333  
3  3   3 3    3 333     3     3      333333 3  3 3    3    3 3      
3   3  3 3    3 333     3     3    3 3    3 3   33    3    3 3      
3    3 3 33333  333    333     3333  3    3 3    3    33333  333333 
                                                                    
                                                           
  33   3    3 3   3 3    3 3    3 333333 33333  333333     
 3  3  33   3  3 3  3    3 3    3 3      3    3 3          
3    3 3 3  3   3   3    3 333333 33333  3    3 33333      
333333 3  3 3   3   3 33 3 3    3 3      33333  3      333 
3    3 3   33   3   33  33 3    3 3      3   3  3      333 
3    3 3    3   3   3    3 3    3 333333 3    3 333333  3  
                                                       3   
                                                                         333 
  33   3    3 3   3 33333 3 3    3 333333          33   3    3 33333      3  
 3  3  33   3  3 3    3   3 33  33 3              3  3  33   3 3    3     3  
3    3 3 3  3   3     3   3 3 33 3 33333         3    3 3 3  3 3    3     3  
333333 3  3 3   3     3   3 3    3 3      333    333333 3  3 3 3    3     3  
3    3 3   33   3     3   3 3    3 3      333    3    3 3   33 3    3     3  
3    3 3    3   3     3   3 3    3 333333  3     3    3 3    3 33333     333 
                                          3                                  
                                                                      
 3333    33   3    3    3    3 3 3      3         3   3  3333  3    3 
3    3  3  3  33   3    3   3  3 3      3          3 3  3    3 3    3 
3      3    3 3 3  3    3333   3 3      3           3   3    3 3    3 
3      333333 3  3 3    3  3   3 3      3           3   3    3 3    3 
3    3 3    3 3   33    3   3  3 3      3           3   3    3 3    3 
 3333  3    3 3    3    3    3 3 333333 333333      3    3333   3333  
                                                                      
                                                                              
3 3    3     3333  3    3 333333 33333      3333  333333 3    3 333333 3    3 
3 33   3    3    3 3    3 3      3    3    3      3      3    3 3      33   3 
3 3 3  3    3    3 3    3 33333  3    3     3333  33333  3    3 33333  3 3  3 
3 3  3 3    3    3 3    3 3      33333          3 3      3    3 3      3  3 3 
3 3   33    3    3  3  3  3      3   3     3    3 3       3  3  3      3   33 
3 3    3     3333    33   333333 3    3     3333  333333   33   333333 3    3 
                                                                              
                                                 
3    3 3    3 3    3 33333  33333  333333 33333  
3    3 3    3 33   3 3    3 3    3 3      3    3 
333333 3    3 3 3  3 3    3 3    3 33333  3    3 
3    3 3    3 3  3 3 3    3 33333  3      3    3 
3    3 3    3 3   33 3    3 3   3  3      3    3 
3    3  3333  3    3 33333  3    3 333333 33333  
                                                 
                                                       
3    3   33   3   3  3333           33   3    3 33333  
3    3  3  3   3 3  3              3  3  33   3 3    3 
3    3 3    3   3    3333         3    3 3 3  3 3    3 
3 33 3 333333   3        3 333    333333 3  3 3 3    3 
33  33 3    3   3   3    3 333    3    3 3   33 3    3 
3    3 3    3   3    3333   3     3    3 3    3 33333  
                           3                           
                                                               
33333 3    3   33   33333  3333          3 3    3  3333  33333 
  3   3    3  3  3    3   3              3 3    3 3        3   
  3   333333 3    3   3    3333          3 3    3  3333    3   
  3   3    3 333333   3        3         3 3    3      3   3   
  3   3    3 3    3   3   3    3    3    3 3    3 3    3   3   
  3   3    3 3    3   3    3333      3333   3333   3333    3   
                                                               
                                                                     
3    3 3 33333 3    3    3    3 3   3    33333    33   33333  333333 
3    3 3   3   3    3    33  33  3 3     3    3  3  3  3    3 3      
3    3 3   3   333333    3 33 3   3      33333  3    3 3    3 33333  
3 33 3 3   3   3    3    3    3   3      3    3 333333 33333  3      
33  33 3   3   3    3    3    3   3      3    3 3    3 3   3  3      
3    3 3   3   3    3    3    3   3      33333  3    3 3    3 333333 
                                                                     
                                          3     3              
3    3   33   3    3 33333   3333         33    3  3333  33333 
3    3  3  3  33   3 3    3 3             3 3   3 3    3   3   
333333 3    3 3 3  3 3    3  3333         3  3  3 3    3   3   
3    3 333333 3  3 3 3    3      3 333    3   3 3 3    3   3   
3    3 3    3 3   33 3    3 3    3 333    3    33 3    3   3   
3    3 3    3 3    3 33333   3333  333    3     3  3333    3   
                                                               
                                               333 
 3333  3    3 3      3   3      33   3    3     3  
3    3 33   3 3       3 3      3  3  33  33     3  
3    3 3 3  3 3        3      3    3 3 33 3     3  
3    3 3  3 3 3        3      333333 3    3     3  
3    3 3   33 3        3      3    3 3    3     3  
 3333  3    3 333333   3      3    3 3    3    333 
                                                   
                                                                      
333333 3    3 33333 333333 3    3  3333  3 3    3 333333 3      3   3 
3       3  3    3   3      33   3 3      3 3    3 3      3       3 3  
33333    33     3   33333  3 3  3  3333  3 3    3 33333  3        3   
3        33     3   3      3  3 3      3 3 3    3 3      3        3   
3       3  3    3   3      3   33 3    3 3  3  3  3      3        3   
333333 3    3   3   333333 3    3  3333  3   33   333333 333333   3   
                                                                      
                                                       
33333 33333    33   3 3    3 333333 33333     3 3    3 
  3   3    3  3  3  3 33   3 3      3    3    3 33   3 
  3   3    3 3    3 3 3 3  3 33333  3    3    3 3 3  3 
  3   33333  333333 3 3  3 3 3      3    3    3 3  3 3 
  3   3   3  3    3 3 3   33 3      3    3    3 3   33 
  3   3    3 3    3 3 3    3 333333 33333     3 3    3 
                                                       
                                                 
3    3 3    3   33   33333  3    3 333333 33333  
3    3 33   3  3  3  3    3 33  33 3      3    3 
3    3 3 3  3 3    3 3    3 3 33 3 33333  3    3 
3    3 3  3 3 333333 33333  3    3 3      3    3 
3    3 3   33 3    3 3   3  3    3 3      3    3 
 3333  3    3 3    3 3    3 3    3 333333 33333  
                                                 
                                                                       333 
 3333   3333  3    3 33333    33   33333        33333  3    3 33333     3  
3    3 3    3 33  33 3    3  3  3    3          3    3 3    3   3       3  
3      3    3 3 33 3 33333  3    3   3          33333  3    3   3       3  
3      3    3 3    3 3    3 333333   3   333    3    3 3    3   3       3  
3    3 3    3 3    3 3    3 3    3   3   333    3    3 3    3   3       3  
 3333   3333  3    3 33333  3    3   3    3     33333   3333    3      333 
                                         3                                 
                                                                         
3    3   33   3    3 333333      33    3333   3333  333333  3333   3333  
3    3  3  3  3    3 3          3  3  3    3 3    3 3      3      3      
333333 3    3 3    3 33333     3    3 3      3      33333   3333   3333  
3    3 333333 3    3 3         333333 3      3      3           3      3 
3    3 3    3  3  3  3         3    3 3    3 3    3 3      3    3 3    3 
3    3 3    3   33   333333    3    3  3333   3333  333333  3333   3333  
                                                                         
                                                                           
33333  3333     33333 3    3 333333    333333 3    3 33333 3 33333  333333 
  3   3    3      3   3    3 3         3      33   3   3   3 3    3 3      
  3   3    3      3   333333 33333     33333  3 3  3   3   3 3    3 33333  
  3   3    3      3   3    3 3         3      3  3 3   3   3 33333  3      
  3   3    3      3   3    3 3         3      3   33   3   3 3   3  3      
  3    3333       3   3    3 333333    333333 3    3   3   3 3    3 333333 
                                                                           
                                                                  
  33   33333   3333  333333 3    3   33   3          3333  333333 
 3  3  3    3 3      3      33   3  3  3  3         3    3 3      
3    3 3    3  3333  33333  3 3  3 3    3 3         3    3 33333  
333333 33333       3 3      3  3 3 333333 3         3    3 3      
3    3 3   3  3    3 3      3   33 3    3 3         3    3 3      
3    3 3    3  3333  333333 3    3 3    3 333333     3333  3      
                                                                  
                       3     3                              
33333 3    3 333333    3     3 3    3 3 33333 333333 33333  
  3   3    3 3         3     3 33   3 3   3   3      3    3 
  3   333333 33333     3     3 3 3  3 3   3   33333  3    3 
  3   3    3 3         3     3 3  3 3 3   3   3      3    3 
  3   3    3 3         3     3 3   33 3   3   3      3    3 
  3   3    3 333333     33333  3    3 3   3   333333 33333  
                                                            
 33333                                   
3     3 33333   33   33333 333333  3333  
3         3    3  3    3   3      3      
 33333    3   3    3   3   33333   3333  
      3   3   333333   3   3           3 
3     3   3   3    3   3   3      3    3 
 33333    3   3    3   3   333333  3333  
                                         
3     3                                   33333                              
33   33   33   33333  3 3    3 333333    3     3  3333  33333  33333   3333  
3 3 3 3  3  3  3    3 3 33   3 3         3       3    3 3    3 3    3 3      
3  3  3 3    3 3    3 3 3 3  3 33333     3       3    3 3    3 3    3  3333  
3     3 333333 33333  3 3  3 3 3         3       3    3 33333  33333       3 
3     3 3    3 3   3  3 3   33 3         3     3 3    3 3   3  3      3    3 
3     3 3    3 3    3 3 3    3 333333     33333   3333  3    3 3       3333  
                                                                             
                        333                                                   
  33   3    3 33333      3     3    3 3 3      3         3    3  3333  333333 
 3  3  33   3 3    3     3     3    3 3 3      3         3    3 3      3      
3    3 3 3  3 3    3     3     3    3 3 3      3         3    3  3333  33333  
333333 3  3 3 3    3     3     3 33 3 3 3      3         3    3      3 3      
3    3 3   33 3    3     3     33  33 3 3      3         3    3 3    3 3      
3    3 3    3 33333     333    3    3 3 333333 333333     3333   3333  333333 
                                                                              
                                                                         
3 33333    33333  3333     3 33333  3333     333333 3    3 3      3      
3   3        3   3    3    3   3   3         3      3    3 3      3      
3   3        3   3    3    3   3    3333     33333  3    3 3      3      
3   3        3   3    3    3   3        3    3      3    3 3      3      
3   3        3   3    3    3   3   3    3    3      3    3 3      3      
3   3        3    3333     3   3    3333     3       3333  333333 333333 
                                                                         
                                                        
333333 3    3 33333 333333 3    3 33333    33333  3333  
3       3  3    3   3      33   3   3        3   3    3 
33333    33     3   33333  3 3  3   3        3   3    3 
3        33     3   3      3  3 3   3        3   3    3 
3       3  3    3   3      3   33   3        3   3    3 
333333 3    3   3   333333 3    3   3        3    3333  
                                                        
                                                     
3    3 3 33333  333333    3   3  3333  3    3 33333  
3    3 3 3    3 3          3 3  3    3 3    3 3    3 
3    3 3 3    3 33333       3   3    3 3    3 3    3 
3 33 3 3 33333  3           3   3    3 3    3 33333  
33  33 3 3      3           3   3    3 3    3 3   3  
3    3 3 3      333333      3    3333   3333  3    3 
                                                     
                                                          
3    3 3  3333  333333 33333    33   33333  3      333333 
33  33 3 3      3      3    3  3  3  3    3 3      3      
3 33 3 3  3333  33333  3    3 3    3 33333  3      33333  
3    3 3      3 3      33333  333333 3    3 3      3      
3    3 3 3    3 3      3   3  3    3 3    3 3      3      
3    3 3  3333  333333 3    3 3    3 33333  333333 333333 
                                                          
                                                                    
  33    3333   3333      3333  333333 333333    33333 3    3 333333 
 3  3  3      3         3    3 3      3           3   3    3 3      
3    3  3333   3333     3    3 33333  33333       3   333333 33333  
333333      3      3    3    3 3      3           3   3    3 3      
3    3 3    3 3    3    3    3 3      3           3   3    3 3      
3    3  3333   3333      3333  3      3           3   3    3 333333 
                                                                    
                                                                    
333333   33    3333  333333     3333  333333    33333 3    3 333333 
3       3  3  3    3 3         3    3 3           3   3    3 3      
33333  3    3 3      33333     3    3 33333       3   333333 33333  
3      333333 3      3         3    3 3           3   3    3 3      
3      3    3 3    3 3         3    3 3           3   3    3 3      
3      3    3  3333  333333     3333  3           3   3    3 333333 
                                                                    
                                                            
 3333   3333  3    3 33333 3 3    3 333333 3    3 33333     
3    3 3    3 33   3   3   3 33   3 3      33   3   3       
3      3    3 3 3  3   3   3 3 3  3 33333  3 3  3   3       
3      3    3 3  3 3   3   3 3  3 3 3      3  3 3   3   333 
3    3 3    3 3   33   3   3 3   33 3      3   33   3   333 
 3333   3333  3    3   3   3 3    3 333333 3    3   3    3  
                                                        3   
                                                          
3   3  3333  3    3    3      3 33333 33333 3      333333 
 3 3  3    3 3    3    3      3   3     3   3      3      
  3   3    3 3    3    3      3   3     3   3      33333  
  3   3    3 3    3    3      3   3     3   3      3      
  3   3    3 3    3    3      3   3     3   3      3      
  3    3333   3333     333333 3   3     3   333333 333333 
                                                          
                             333                                      
 3333  3    3 3 33333         3  333333     3333  3    3 3      3   3 
3      3    3 3   3           3  3         3    3 33   3 3       3 3  
 3333  333333 3   3           3  33333     3    3 3 3  3 3        3   
     3 3    3 3   3   333     3  3         3    3 3  3 3 3        3   
3    3 3    3 3   3   333     3  3         3    3 3   33 3        3   
 3333  3    3 3   3   333    333 3          3333  3    3 333333   3   
                                                                      
                                                          
3   3  3333  3    3     3333   3333  3    3 3      33333  
 3 3  3    3 3    3    3    3 3    3 3    3 3      3    3 
  3   3    3 3    3    3      3    3 3    3 3      3    3 
  3   3    3 3    3    3      3    3 3    3 3      3    3 
  3   3    3 3    3    3    3 3    3 3    3 3      3    3 
  3    3333   3333      3333   3333   3333  333333 33333  
                                                          
                                                                  
3    3   33   3    3 333333    3    3 3    3  3333  3    3 3    3 
3    3  3  3  3    3 3         3   3  33   3 3    3 3    3 33   3 
333333 3    3 3    3 33333     3333   3 3  3 3    3 3    3 3 3  3 
3    3 333333 3    3 3         3  3   3  3 3 3    3 3 33 3 3  3 3 
3    3 3    3  3  3  3         3   3  3   33 3    3 33  33 3   33 
3    3 3    3   33   333333    3    3 3    3  3333  3    3 3    3 
                                                                  
                                                                       
3    3 3    3   33   33333    3    3 3    3 3    3  3333  3      3   3 
3    3 3    3  3  3    3      3    3 33   3 3    3 3    3 3       3 3  
3    3 333333 3    3   3      3    3 3 3  3 333333 3    3 3        3   
3 33 3 3    3 333333   3      3    3 3  3 3 3    3 3    3 3        3   
33  33 3    3 3    3   3      3    3 3   33 3    3 3    3 3        3   
3    3 3    3 3    3   3       3333  3    3 3    3  3333  333333   3   
                                                                       
                                                                 
33333  333333 33333 33333  3 33333  3    3 33333 3  3333  3    3 
3    3 3        3   3    3 3 3    3 3    3   3   3 3    3 33   3 
3    3 33333    3   3    3 3 33333  3    3   3   3 3    3 3 3  3 
33333  3        3   33333  3 3    3 3    3   3   3 3    3 3  3 3 
3   3  3        3   3   3  3 3    3 3    3   3   3 3    3 3   33 
3    3 333333   3   3    3 3 33333   3333    3   3  3333  3    3 
                                                                 
                                                                 
3   3  3333  3    3 33333     3      3 33333 33333 3      333333 
 3 3  3    3 3    3 3    3    3      3   3     3   3      3      
  3   3    3 3    3 3    3    3      3   3     3   3      33333  
  3   3    3 3    3 33333     3      3   3     3   3      3      
  3   3    3 3    3 3   3     3      3   3     3   3      3      
  3    3333   3333  3    3    333333 3   3     3   333333 333333 
                                                                 
                                          
 3333  3      333333 3    3 333333 33333  
3    3 3      3      3    3 3      3    3 
3      3      33333  3    3 33333  3    3 
3      3      3      3    3 3      33333  
3    3 3      3       3  3  3      3   3  
 3333  333333 333333   33   333333 3    3 
                                          
                                                                        
 3333   3333  3    3 3    3 333333 3    3 33333    3    3   33    3333  
3    3 3    3 33  33 33  33 3      33   3   3      3    3  3  3  3      
3      3    3 3 33 3 3 33 3 33333  3 3  3   3      3    3 3    3  3333  
3      3    3 3    3 3    3 3      3  3 3   3      3 33 3 333333      3 
3    3 3    3 3    3 3    3 3      3   33   3      33  33 3    3 3    3 
 3333   3333  3    3 3    3 333333 3    3   3      3    3 3    3  3333  
                                                                        
                                                  
  33   33333   3333  3    3 33333    33333  3333  
 3  3  3    3 3    3 3    3   3        3   3    3 
3    3 33333  3    3 3    3   3        3   3    3 
333333 3    3 3    3 3    3   3        3   3    3 
3    3 3    3 3    3 3    3   3        3   3    3 
3    3 33333   3333   3333    3        3    3333  
                                                  
                                                             
33333  33333  3 3    3  3333     33333   3333  3    3 3    3 
3    3 3    3 3 33   3 3    3    3    3 3    3 3    3 33   3 
33333  3    3 3 3 3  3 3         3    3 3    3 3    3 3 3  3 
3    3 33333  3 3  3 3 3  333    3    3 3    3 3 33 3 3  3 3 
3    3 3   3  3 3   33 3    3    3    3 3    3 33  33 3   33 
33333  3    3 3 3    3  3333     33333   3333  3    3 3    3 
                                                             
                                                       
3    3 33333   3333  3    3    3   3  3333  3    3     
3    3 3    3 3    3 33   3     3 3  3    3 3    3     
3    3 3    3 3    3 3 3  3      3   3    3 3    3     
3    3 33333  3    3 3  3 3      3   3    3 3    3 333 
3    3 3      3    3 3   33      3   3    3 3    3 333 
 3333  3       3333  3    3      3    3333   3333   3  
                                                   3   
                                                         
3    3   33   3   3 33333  333333    3   3  3333  3    3 
33  33  3  3   3 3  3    3 3          3 3  3    3 3    3 
3 33 3 3    3   3   33333  33333       3   3    3 3    3 
3    3 333333   3   3    3 3           3   3    3 3    3 
3    3 3    3   3   3    3 3           3   3    3 3    3 
3    3 3    3   3   33333  333333      3    3333   3333  
                                                         
                                                                  
3    3  3333  3    3 3      33333     3    3   33   3    3 333333 
3    3 3    3 3    3 3      3    3    3    3  3  3  3    3 3      
3    3 3    3 3    3 3      3    3    333333 3    3 3    3 33333  
3 33 3 3    3 3    3 3      3    3    3    3 333333 3    3 3      
33  33 3    3 3    3 3      3    3    3    3 3    3  3  3  3      
3    3  3333   3333  333333 33333     3    3 3    3   33   333333 
                                                                  
                                                          
3    3 333333 3      33333     3   3  3333  3    3 33333  
3    3 3      3      3    3     3 3  3    3 3    3 3    3 
333333 33333  3      3    3      3   3    3 3    3 3    3 
3    3 3      3      3    3      3   3    3 3    3 33333  
3    3 3      3      3    3      3   3    3 3    3 3   3  
3    3 333333 333333 33333       3    3333   3333  3    3 
                                                          
                                            
333333 3    3  3333  3    3 3 3    3  3333  
3      3    3 3    3 3   3  3 33   3 3    3 
33333  3    3 3      3333   3 3 3  3 3      
3      3    3 3      3  3   3 3  3 3 3  333 
3      3    3 3    3 3   3  3 3   33 3    3 
3       3333   3333  3    3 3 3    3  3333  
                                            
                                                333333               
33333  3333  3    3  3333  3    3 333333        3     3 3    3 33333 
  3   3    3 33   3 3    3 3    3 3             3     3 3    3   3   
  3   3    3 3 3  3 3      3    3 33333         333333  3    3   3   
  3   3    3 3  3 3 3  333 3    3 3      333    3     3 3    3   3   
  3   3    3 3   33 3    3 3    3 3      333    3     3 3    3   3   
  3    3333  3    3  3333   3333  333333 333    333333   3333    3   
                                                                     
                                                                           
3   3  3333  3    3     3333   3333  3    3 3      33333  3    3 33333     
 3 3  3    3 3    3    3    3 3    3 3    3 3      3    3 33   3   3       
  3   3    3 3    3    3      3    3 3    3 3      3    3 3 3  3   3       
  3   3    3 3    3    3      3    3 3    3 3      3    3 3  3 3   3   333 
  3   3    3 3    3    3    3 3    3 3    3 3      3    3 3   33   3   333 
  3    3333   3333      3333   3333   3333  333333 33333  3    3   3    3  
                                                                       3   
                                                        
3   3  3333  3    3    33333  3 33333  3    3 33333     
 3 3  3    3 3    3    3    3 3 3    3 33   3   3       
  3   3    3 3    3    3    3 3 3    3 3 3  3   3       
  3   3    3 3    3    3    3 3 3    3 3  3 3   3   333 
  3   3    3 3    3    3    3 3 3    3 3   33   3   333 
  3    3333   3333     33333  3 33333  3    3   3    3  
                                                    3   
                                             
  33   3    3 33333     3    3  3333  3    3 
 3  3  33   3 3    3    33   3 3    3 3    3 
3    3 3 3  3 3    3    3 3  3 3    3 3    3 
333333 3  3 3 3    3    3  3 3 3    3 3 33 3 
3    3 3   33 3    3    3   33 3    3 33  33 
3    3 3    3 33333     3    3  3333  3    3 
                                             
                                                                         
3   3  3333  3    3 33333  333333    33333    33   3   3 3 3    3  3333  
 3 3  3    3 3    3 3    3 3         3    3  3  3   3 3  3 33   3 3    3 
  3   3    3 3    3 3    3 33333     3    3 3    3   3   3 3 3  3 3      
  3   3    3 3    3 33333  3         33333  333333   3   3 3  3 3 3  333 
  3   3    3 3    3 3   3  3         3      3    3   3   3 3   33 3    3 
  3    3333   3333  3    3 333333    3      3    3   3   3 3    3  3333  
                                                                         
                                                         
33333 3    3 333333    33333  33333  3  3333  333333     
  3   3    3 3         3    3 3    3 3 3    3 3          
  3   333333 33333     3    3 3    3 3 3      33333      
  3   3    3 3         33333  33333  3 3      3      333 
  3   3    3 3         3      3   3  3 3    3 3      333 
  3   3    3 333333    3      3    3 3  3333  333333  3  
                                                     3   
                                                                        
3   3  3333  3    3     3333   3333  33333  33333    33   3    3 3    3 
 3 3  3    3 3    3    3    3 3    3 3    3 3    3  3  3  33  33 33   3 
  3   3    3 3    3    3      3    3 3    3 3    3 3    3 3 33 3 3 3  3 
  3   3    3 3    3    3  333 3    3 3    3 3    3 333333 3    3 3  3 3 
  3   3    3 3    3    3    3 3    3 3    3 3    3 3    3 3    3 3   33 
  3    3333   3333      3333   3333  33333  33333  3    3 3    3 3    3 
                                                                        
                               333                           
3 33333  3  3333  33333         3     3    3 3 3      3      
3 3    3 3 3    3   3           3     3    3 3 3      3      
3 3    3 3 3    3   3           3     3    3 3 3      3      
3 3    3 3 3    3   3   333     3     3 33 3 3 3      3      
3 3    3 3 3    3   3   333     3     33  33 3 3      3      
3 33333  3  3333    3   333    333    3    3 3 333333 333333 
                                                             
                                                                            
 3333  3    3 3 33333    333333 3    3 33333  3   3      33   3      3      
3      3    3 3   3      3      3    3 3    3  3 3      3  3  3      3      
 3333  333333 3   3      33333  3    3 3    3   3      3    3 3      3      
     3 3    3 3   3      3      3    3 33333    3      333333 3      3      
3    3 3    3 3   3      3      3    3 3   3    3      3    3 3      3      
 3333  3    3 3   3      3       3333  3    3   3      3    3 333333 333333 
                                                                            
                                                                           
 3333  3    3 333333 33333     3   3  3333  3    3      33   3    3 33333  
3    3 3    3 3      3    3     3 3  3    3 3    3     3  3  33   3 3    3 
3    3 3    3 33333  3    3      3   3    3 3    3    3    3 3 3  3 3    3 
3    3 3    3 3      33333       3   3    3 3    3    333333 3  3 3 3    3 
3    3  3  3  3      3   3       3   3    3 3    3    3    3 3   33 3    3 
 3333    33   333333 3    3      3    3333   3333     3    3 3    3 33333  
                                                                           
                                              
3   3  3333  3    3    3    3 3 3      3      
 3 3  3    3 3    3    3    3 3 3      3      
  3   3    3 3    3    3    3 3 3      3      
  3   3    3 3    3    3 33 3 3 3      3      
  3   3    3 3    3    33  33 3 3      3      
  3    3333   3333     3    3 3 333333 333333 
                                              
                                                              
33333  33333   3333  3    3 3    3    3 3    3    3 33333     
3    3 3    3 3    3 3    3 33   3    3 33   3    3   3       
3    3 3    3 3    3 3    3 3 3  3    3 3 3  3    3   3       
3    3 33333  3    3 3 33 3 3  3 3    3 3  3 3    3   3   333 
3    3 3   3  3    3 33  33 3   33    3 3   33    3   3   333 
33333  3    3  3333  3    3 3    3    3 3    3    3   3   333 
                                                              
3     3                             
 3   3   3333  3    3 33333  333333 
  3 3   3    3 3    3 3    3 3      
   3    3    3 3    3 3    3 33333  
   3    3    3 3    3 33333  3      
   3    3    3 3    3 3   3  3      
   3     3333   3333  3    3 333333 
                                    
                                                                               
333333 3    3  3333  3    3 3 3    3  3333     33333  333333   33   33333      
3      3    3 3    3 3   3  3 33   3 3    3    3    3 3       3  3  3    3     
33333  3    3 3      3333   3 3 3  3 3         3    3 33333  3    3 3    3     
3      3    3 3      3  3   3 3  3 3 3  333    3    3 3      333333 3    3 333 
3      3    3 3    3 3   3  3 3   33 3    3    3    3 3      3    3 3    3 333 
3       3333   3333  3    3 3 3    3  3333     33333  333333 3    3 33333   3  
                                                                           3   
                                  
3    3 3 33333  33333   3333      
3   3  3 3    3 3    3 3    3     
3333   3 3    3 3    3 3    3     
3  3   3 3    3 3    3 3    3 333 
3   3  3 3    3 3    3 3    3 333 
3    3 3 33333  33333   3333  333 
                                  
